Entering verbose mode...
A matrix is :
   1.0000   3.0000   5.0000  -2.0000   2.0000
   4.0000   2.0000  -2.0000   1.0000   1.0000
   2.0000   4.0000   4.0000  -2.0000   5.0000
   3.0000   1.0000   2.0000  -1.0000  -2.0000
  -1.0000        0        0        0        0
        0  -1.0000        0        0        0
        0        0  -1.0000        0        0
        0        0        0  -1.0000        0
        0        0        0        0  -1.0000

rhs is: 
   4.0000
   3.0000
   5.0000
   1.0000
        0
        0
        0
        0
        0

Costs vector is:
  -70.0000
  -60.0000
  -50.0000
   20.0000
  -30.0000

Epsilon is 0.01
Known optimal solution:
   0.6610
        0
   1.5424
   2.8136
   0.6271

Checking for unboundedness...
STEP #: 0
Ellipse:
center:
0.00000000000000e+00
0.00000000000000e+00
0.00000000000000e+00
0.00000000000000e+00
0.00000000000000e+00

shape:
1.00000000000000e+06,0.00000000000000e+00,0.00000000000000e+00,0.00000000000000e+00,0.00000000000000e+00
0.00000000000000e+00,1.00000000000000e+06,0.00000000000000e+00,0.00000000000000e+00,0.00000000000000e+00
0.00000000000000e+00,0.00000000000000e+00,1.00000000000000e+06,0.00000000000000e+00,0.00000000000000e+00
0.00000000000000e+00,0.00000000000000e+00,0.00000000000000e+00,1.00000000000000e+06,0.00000000000000e+00
0.00000000000000e+00,0.00000000000000e+00,0.00000000000000e+00,0.00000000000000e+00,1.00000000000000e+06
feasible
VIOLATED CONSTRAINTS: 0
optimality gap: 85.931
w=
  -70.0000
  -60.0000
  -50.0000
   20.0000
  -30.0000

H=
   1.0000e+06            0            0            0            0
            0   1.0000e+06            0            0            0
            0            0   1.0000e+06            0            0
            0            0            0   1.0000e+06            0
            0            0            0            0   1.0000e+06

Criterion value: 3507.14; while eps/ERR_F =1e-05
wt:
-7.00000000000000e+01
-6.00000000000000e+01
-5.00000000000000e+01
2.00000000000000e+01
-3.00000000000000e+01
STEP #: 1
Ellipse:
center:
-7.00000000000000e+01
-6.00000000000000e+01
-5.00000000000000e+01
2.00000000000000e+01
-3.00000000000000e+01
1.05194790711200e+02
9.01669634667432e+01
7.51391362222860e+01
-3.00556544889144e+01
4.50834817333716e+01

shape:
9.07864724480578e+05,-1.19157245088076e+05,-9.92977042400632e+04,3.97190816960253e+04,-5.95786225440379e+04
-1.19157245088076e+05,9.44746728912602e+05,-8.51123179200542e+04,3.40449271680217e+04,-5.10673907520325e+04
-9.92977042400632e+04,-8.51123179200542e+04,9.75954578816622e+05,2.83707726400181e+04,-4.25561589600271e+04
3.97190816960253e+04,3.40449271680217e+04,2.83707726400181e+04,1.03553320136066e+06,1.70224635840108e+04
-5.95786225440379e+04,-5.10673907520325e+04,-4.25561589600271e+04,1.70224635840108e+04,1.02134781504065e+06
infeasible
VIOLATED CONSTRAINTS: 5
wt:
1.00000000000000e+00
3.00000000000000e+00
5.00000000000000e+00
-2.00000000000000e+00
2.00000000000000e+00
STEP #: 2
Ellipse:
center:
1.00000000000000e+00
3.00000000000000e+00
5.00000000000000e+00
-2.00000000000000e+00
2.00000000000000e+00
1.09282550100642e+02
3.02933112331602e+01
-4.86959276343216e+01
1.94783710537286e+01
3.58584884189064e-01

shape:
9.53062979470628e+05,-1.19403106263516e+05,-9.59082951453789e+04,3.83633180581516e+04,-5.89826944502480e+04
-1.19403106263516e+05,9.44798655501989e+05,-1.82921376437069e+05,7.31685505748276e+04,-8.69716890708447e+04
-9.59082951453789e+04,-1.82921376437069e+05,8.26026439123523e+05,1.07973783091504e+05,-1.14960683691441e+05
3.83633180581516e+04,7.31685505748276e+04,1.07973783091504e+05,1.05277138361568e+06,4.59842734765766e+04
-5.89826944502480e+04,-8.69716890708447e+04,-1.14960683691441e+05,4.59842734765766e+04,1.04397819709038e+06
infeasible
VIOLATED CONSTRAINTS: 4
wt:
4.00000000000000e+00
2.00000000000000e+00
-2.00000000000000e+00
1.00000000000000e+00
1.00000000000000e+00
STEP #: 3
Ellipse:
center:
4.00000000000000e+00
2.00000000000000e+00
-2.00000000000000e+00
1.00000000000000e+00
1.00000000000000e+00
-1.42170225964913e+01
-2.76764347305406e+01
3.14055914964822e+01
-1.98163804347001e+01
-2.95428873432769e+01

shape:
8.04720791518429e+05,-2.16925786584448e+05,2.26567823215421e+04,-2.04515077240713e+04,-1.09536153313840e+05
-2.16925786584448e+05,9.45331886043114e+05,-1.32767263154961e+05,4.76743476336837e+04,-1.13809268271830e+05
2.26567823215421e+04,-1.32767263154961e+05,7.87152643373542e+05,1.51275146977243e+05,-8.98944749363938e+04
-2.04515077240713e+04,4.76743476336837e+04,1.51275146977243e+05,1.08328364586484e+06,3.31389991452149e+04
-1.09536153313840e+05,-1.13809268271830e+05,-8.98944749363938e+04,3.31389991452149e+04,1.08109031493551e+06
infeasible
VIOLATED CONSTRAINTS: 6
wt:
1.00000000000000e+00
3.00000000000000e+00
5.00000000000000e+00
-2.00000000000000e+00
2.00000000000000e+00
STEP #: 4
Ellipse:
center:
1.00000000000000e+00
3.00000000000000e+00
5.00000000000000e+00
-2.00000000000000e+00
2.00000000000000e+00
-1.69831892614513e+01
-8.19883797778951e+01
-7.07673809266837e+01
2.06843334339079e+01
-6.94325388794420e+01

shape:
8.43778249934075e+05,-2.27310055938227e+05,2.24881275500932e+04,-2.09708712131738e+04,-1.15183000510891e+05
-2.27310055938227e+05,9.52749350668359e+05,-2.08950830424282e+05,7.75302334537842e+04,-1.46767506963561e+05
2.24881275500932e+04,-2.08950830424282e+05,6.91932848139000e+05,2.10559740805263e+05,-1.46260292672559e+05
-2.09708712131738e+04,7.75302334537842e+04,2.10559740805263e+05,1.11345355083870e+06,5.52949449946564e+04
-1.15183000510891e+05,-1.46767506963561e+05,-1.46260292672559e+05,5.52949449946564e+04,1.11118876230088e+06
infeasible
VIOLATED CONSTRAINTS: 4
wt:
-1.00000000000000e+00
0.00000000000000e+00
0.00000000000000e+00
0.00000000000000e+00
0.00000000000000e+00
STEP #: 5
Ellipse:
center:
-1.00000000000000e+00
0.00000000000000e+00
0.00000000000000e+00
0.00000000000000e+00
0.00000000000000e+00
1.35834364265011e+02
-1.23684176651530e+02
-6.72060890869701e+01
1.71158210435267e+01
-9.04801968691953e+01

shape:
5.83552868005136e+05,-1.54925023215895e+05,1.07375976297748e+04,-1.24401482392217e+04,-7.93595552328199e+04
-1.54925023215895e+05,9.80593606011436e+05,-2.16733409371118e+05,7.94925590040659e+04,-1.62032127103526e+05
1.07375976297748e+04,-2.16733409371118e+05,7.24205305473364e+05,2.20598528512292e+05,-1.52109505308270e+05
-1.24401482392217e+04,7.94925590040659e+04,2.20598528512292e+05,1.16550203734255e+06,5.70518759036564e+04
-7.93595552328199e+04,-1.62032127103526e+05,-1.52109505308270e+05,5.70518759036564e+04,1.15910474994293e+06
infeasible
VIOLATED CONSTRAINTS: 5
wt:
4.00000000000000e+00
2.00000000000000e+00
-2.00000000000000e+00
1.00000000000000e+00
1.00000000000000e+00
STEP #: 6
Ellipse:
center:
4.00000000000000e+00
2.00000000000000e+00
-2.00000000000000e+00
1.00000000000000e+00
1.00000000000000e+00
5.69790301827456e+01
-1.92423934534385e+02
5.60460246016655e+00
-1.95189109769914e+01
-1.26369647660152e+02

shape:
5.37061823274019e+05,-2.35571236804440e+05,8.60689045183243e+04,-5.10005654017484e+04,-1.22077644544017e+05
-2.35571236804440e+05,9.63929972834013e+05,-1.62414261072134e+05,5.06159408468114e+04,-2.02585936753046e+05
8.60689045183243e+04,-1.62414261072134e+05,6.91820599674674e+05,2.64490997819049e+05,-1.25289807308753e+05
-5.10005654017484e+04,5.06159408468114e+04,2.64490997819049e+05,1.20317564353585e+06,4.25643037716270e+04
-1.22077644544017e+05,-2.02585936753046e+05,-1.25289807308753e+05,4.25643037716270e+04,1.19611594977777e+06
infeasible
VIOLATED CONSTRAINTS: 4
wt:
3.00000000000000e+00
1.00000000000000e+00
2.00000000000000e+00
-1.00000000000000e+00
-2.00000000000000e+00
STEP #: 7
Ellipse:
center:
3.00000000000000e+00
1.00000000000000e+00
2.00000000000000e+00
-1.00000000000000e+00
-2.00000000000000e+00
-1.93452767607443e+01
-2.04098918038559e+02
-5.53576948389617e+01
1.62412341236067e+01
8.66870445358470e+00

shape:
4.86812105125443e+05,-2.59241447555396e+05,3.00074157688031e+04,-1.77156004735151e+04,1.26807249334918e+04
-2.59241447555396e+05,1.00731857565361e+06,-1.80394561002813e+05,5.93244356653218e+04,-1.85209843204283e+05
3.00074157688031e+04,-1.80394561002813e+05,6.76673687912469e+05,3.04958030626335e+05,-2.25349524921024e+04
-1.77156004735151e+04,5.93244356653218e+04,3.04958030626335e+05,1.24313239263695e+06,-1.79686486278389e+04
1.26807249334918e+04,-1.85209843204283e+05,-2.25349524921024e+04,-1.79686486278389e+04,1.02672206139957e+06
infeasible
VIOLATED CONSTRAINTS: 3
wt:
-1.00000000000000e+00
0.00000000000000e+00
0.00000000000000e+00
0.00000000000000e+00
0.00000000000000e+00
STEP #: 8
Ellipse:
center:
-1.00000000000000e+00
0.00000000000000e+00
0.00000000000000e+00
0.00000000000000e+00
0.00000000000000e+00
9.70947221412863e+01
-2.65632423725595e+02
-4.77135235820402e+01
1.17751367803309e+01
9.54903395320373e+00

shape:
3.31247096327817e+05,-1.63840658583746e+05,1.55176297913191e+04,-9.82500680568275e+03,9.65813989280315e+03
-1.63840658583746e+05,1.01445866543496e+06,-1.84041337219013e+05,5.92166974106061e+04,-1.94670100308853e+05
1.55176297913191e+04,-1.84041337219013e+05,7.07900986513758e+05,3.19575317386634e+05,-2.33434418846492e+04
-9.82500680568275e+03,5.92166974106061e+04,3.19575317386634e+05,1.30121263424643e+06,-1.89172411691404e+04
9.65813989280315e+03,-1.94670100308853e+05,-2.33434418846492e+04,-1.89172411691404e+04,1.07513638399673e+06
infeasible
VIOLATED CONSTRAINTS: 2
wt:
0.00000000000000e+00
-1.00000000000000e+00
0.00000000000000e+00
0.00000000000000e+00
0.00000000000000e+00
STEP #: 9
Ellipse:
center:
0.00000000000000e+00
-1.00000000000000e+00
0.00000000000000e+00
0.00000000000000e+00
0.00000000000000e+00
6.71750469316714e+01
-9.84990242366674e+01
-7.80773032987983e+01
2.14802351857274e+01
-2.36802054469257e+01

shape:
3.40442339340669e+05,-1.20223454740131e+05,8.67968751482390e+03,-7.89810341302295e+03,1.42505070194769e+03
-1.20223454740131e+05,7.01103132169929e+05,-1.30359303486898e+05,4.26951785678334e+04,-1.29575023740217e+05
8.67968751482390e+03,-1.30359303486898e+05,7.32072178031086e+05,3.37409849564240e+05,-3.47382506760719e+04
-7.89810341302295e+03,4.26951785678334e+04,3.37409849564240e+05,1.36131555088584e+06,-1.65274390867693e+04
1.42505070194769e+03,-1.29575023740217e+05,-3.47382506760719e+04,-1.65274390867693e+04,1.11390521501790e+06
infeasible
VIOLATED CONSTRAINTS: 4
wt:
4.00000000000000e+00
2.00000000000000e+00
-2.00000000000000e+00
1.00000000000000e+00
1.00000000000000e+00
STEP #: 10
Ellipse:
center:
4.00000000000000e+00
2.00000000000000e+00
-2.00000000000000e+00
1.00000000000000e+00
1.00000000000000e+00
1.20462577661051e+01
-1.52152507703101e+02
-8.29737033456684e+00
-1.47856516162556e+01
-6.74422790659762e+01

shape:
3.21285505230585e+05,-1.66911069327750e+05,6.27763433915794e+04,-3.69754681223078e+04,-3.64710311261514e+04
-1.66911069327750e+05,6.96133308907120e+05,-8.81887038336006e+04,1.93059877996311e+04,-1.67196516953812e+05
6.27763433915794e+04,-8.81887038336006e+04,7.04966643179285e+05,3.85465631498409e+05,3.36782731502864e+03
-3.69754681223078e+04,1.93059877996311e+04,3.85465631498409e+05,1.40824106349798e+06,-3.80106736194790e+04
-3.64710311261514e+04,-1.67196516953812e+05,3.36782731502864e+03,-3.80106736194790e+04,1.14130851667177e+06
infeasible
VIOLATED CONSTRAINTS: 5
wt:
3.00000000000000e+00
1.00000000000000e+00
2.00000000000000e+00
-1.00000000000000e+00
-2.00000000000000e+00
STEP #: 11
Ellipse:
center:
3.00000000000000e+00
1.00000000000000e+00
2.00000000000000e+00
-1.00000000000000e+00
-2.00000000000000e+00
-3.90751067567836e+01
-1.69481824182139e+02
-6.39867378264729e+01
1.76281799093016e+01
5.78659483564877e+01

shape:
3.04761153891596e+05,-1.86819412685170e+05,3.28228457222009e+04,-1.82508049014398e+04,5.84684215943361e+04
-1.86819412685170e+05,7.24452201868263e+05,-1.04321592752400e+05,2.74585978473068e+04,-1.43332143802805e+05
3.28228457222009e+04,-1.04321592752400e+05,7.04879495501014e+05,4.23733650350080e+05,9.40763331456879e+04
-1.82508049014398e+04,2.74585978473068e+04,4.23733650350080e+05,1.46210705644504e+06,-9.24098220515420e+04
5.84684215943361e+04,-1.43332143802805e+05,9.40763331456879e+04,-9.24098220515420e+04,9.89987465861962e+05
infeasible
VIOLATED CONSTRAINTS: 3
wt:
-1.00000000000000e+00
0.00000000000000e+00
0.00000000000000e+00
0.00000000000000e+00
0.00000000000000e+00
STEP #: 12
Ellipse:
center:
-1.00000000000000e+00
0.00000000000000e+00
0.00000000000000e+00
0.00000000000000e+00
0.00000000000000e+00
5.30781726370634e+01
-2.26068185572202e+02
-5.55531770435236e+01
1.26635506009353e+01
6.93241614984327e+01

shape:
2.05538007250146e+05,-1.14042165639980e+05,2.01467696310537e+04,-1.08117031583273e+04,4.12666625963106e+04
-1.14042165639980e+05,7.23424850712860e+05,-1.04124523806140e+05,2.56442304412971e+04,-1.44371949018263e+05
2.01467696310537e+04,-1.04124523806140e+05,7.37258288354516e+05,4.44017002356569e+05,9.78678042753206e+04
-1.08117031583273e+04,2.56442304412971e+04,4.44017002356569e+05,1.53039279527056e+06,-9.63322556808599e+04
4.12666625963106e+04,-1.44371949018263e+05,9.78678042753206e+04,-9.63322556808599e+04,1.03606587671084e+06
infeasible
VIOLATED CONSTRAINTS: 2
wt:
0.00000000000000e+00
-1.00000000000000e+00
0.00000000000000e+00
0.00000000000000e+00
0.00000000000000e+00
STEP #: 13
Ellipse:
center:
0.00000000000000e+00
-1.00000000000000e+00
0.00000000000000e+00
0.00000000000000e+00
0.00000000000000e+00
2.73693998143390e+01
-8.45059255364963e+01
-7.54584177564079e+01
1.73390009652259e+01
3.87681026493371e+01

shape:
2.11031876826523e+05,-8.39672524794500e+04,1.66230101844713e+04,-1.02690443142230e+04,3.61866402953993e+04
-8.39672524794500e+04,5.00863054227999e+05,-6.88975026316405e+04,1.78686551807084e+04,-8.64816083113183e+04
1.66230101844713e+04,-6.88975026316405e+04,7.67079446753229e+05,4.65965265350433e+05,9.50798109924120e+04
-1.02690443142230e+04,1.78686551807084e+04,4.65965265350433e+05,1.60187398879902e+06,-9.90713269691870e+04
3.61866402953993e+04,-8.64816083113183e+04,9.50798109924120e+04,-9.90713269691870e+04,1.07322879593974e+06
infeasible
VIOLATED CONSTRAINTS: 3
wt:
4.00000000000000e+00
2.00000000000000e+00
-2.00000000000000e+00
1.00000000000000e+00
1.00000000000000e+00
STEP #: 14
Ellipse:
center:
4.00000000000000e+00
2.00000000000000e+00
-2.00000000000000e+00
1.00000000000000e+00
1.00000000000000e+00
-1.29713320578041e+01
-1.26937970560954e+02
-1.05450069060920e+01
-1.72745769338429e+01
-2.78699750004068e+00

shape:
2.02630143463103e+05,-1.11974604891995e+05,5.60648420457836e+04,-3.27922352373341e+04,8.62731139615347e+03
-1.11974604891995e+05,5.01088455986502e+05,-3.68965254330530e+04,-7.26192883128731e+02,-1.14843663358352e+05
5.60648420457836e+04,-3.68965254330530e+04,7.50397788218499e+05,5.16609509039299e+05,1.35002291098656e+05
-3.27922352373341e+04,-7.26192883128731e+02,5.16609509039299e+05,1.66129609105523e+06,-1.22834188648252e+05
8.62731139615347e+03,-1.14843663358352e+05,1.35002291098656e+05,-1.22834188648252e+05,1.10067123539080e+06
infeasible
VIOLATED CONSTRAINTS: 5
wt:
-1.00000000000000e+00
0.00000000000000e+00
0.00000000000000e+00
0.00000000000000e+00
0.00000000000000e+00
STEP #: 15
Ellipse:
center:
-1.00000000000000e+00
0.00000000000000e+00
0.00000000000000e+00
0.00000000000000e+00
0.00000000000000e+00
6.24362928318106e+01
-1.70122159228538e+02
6.97734412585749e+00
-2.77947236037589e+01
-3.63975299578923e+00

shape:
1.36818445747875e+05,-6.59132204630698e+04,3.87881427656226e+04,-2.11743722831697e+04,5.82591230291332e+03
-6.59132204630698e+04,5.03247318458219e+05,-3.10135237909789e+04,-5.60387216445587e+03,-1.20313630955556e+05
3.87881427656226e+04,-3.10135237909789e+04,7.82913768228112e+05,5.42507530205050e+05,1.41475181126008e+05
-2.11743722831697e+04,-5.60387216445587e+03,5.42507530205050e+05,1.73812750610259e+06,-1.28719120921152e+05
5.82591230291332e+03,-1.20313630955556e+05,1.41475181126008e+05,-1.28719120921152e+05,1.15251410559325e+06
infeasible
VIOLATED CONSTRAINTS: 4
wt:
3.00000000000000e+00
1.00000000000000e+00
2.00000000000000e+00
-1.00000000000000e+00
-2.00000000000000e+00
STEP #: 16
Ellipse:
center:
3.00000000000000e+00
1.00000000000000e+00
2.00000000000000e+00
-1.00000000000000e+00
-2.00000000000000e+00
3.68793341369791e+01
-1.98696076836981e+02
-4.12171711244455e+01
-5.44518706651509e-02
1.18806944915554e+02

shape:
1.37855922409327e+05,-8.02993287986939e+04,3.02448076710625e+04,-1.47479201846386e+04,6.72449999116655e+04
-8.02993287986939e+04,5.17595628594415e+05,-4.70906350148149e+04,2.86112994743883e+03,-8.15536844317369e+04
3.02448076710625e+04,-4.70906350148149e+04,8.03174087639363e+05,5.78855520462466e+05,2.24481029714439e+05
-1.47479201846386e+04,2.86112994743883e+03,5.78855520462466e+05,1.81262377723697e+06,-1.79326261829626e+05
6.72449999116655e+04,-8.15536844317369e+04,2.24481029714439e+05,-1.79326261829626e+05,9.98938900310833e+05
infeasible
VIOLATED CONSTRAINTS: 3
wt:
0.00000000000000e+00
-1.00000000000000e+00
0.00000000000000e+00
0.00000000000000e+00
0.00000000000000e+00
STEP #: 17
Ellipse:
center:
0.00000000000000e+00
-1.00000000000000e+00
0.00000000000000e+00
0.00000000000000e+00
0.00000000000000e+00
1.49225411712617e+01
-7.87284983665426e+01
-5.29461267805589e+01
6.03388514200572e-01
9.43786756764262e+01

shape:
1.41285174167566e+05,-5.82861435713629e+04,2.87861217355775e+04,-1.51135005464050e+04,6.51958273591233e+04
-5.82861435713629e+04,3.59824270193594e+05,-2.25120042657817e+04,4.93384009865390e+02,-3.68225099362242e+04
2.87861217355775e+04,-2.25120042657817e+04,8.38248743851269e+05,6.06318989131822e+05,2.30348260118276e+05
-1.51135005464050e+04,4.93384009865390e+02,6.06318989131822e+05,1.89756924582454e+06,-1.87143277744302e+05
6.51958273591233e+04,-3.68225099362242e+04,2.30348260118276e+05,-1.87143277744302e+05,1.03736369766203e+06
infeasible
VIOLATED CONSTRAINTS: 3
wt:
4.00000000000000e+00
2.00000000000000e+00
-2.00000000000000e+00
1.00000000000000e+00
1.00000000000000e+00
STEP #: 18
Ellipse:
center:
4.00000000000000e+00
2.00000000000000e+00
-2.00000000000000e+00
1.00000000000000e+00
1.00000000000000e+00
-1.61643857811048e+01
-1.12451687927964e+02
6.70527670399113e+00
-3.20199715947721e+01
6.12213313830029e+01

shape:
1.36898114484414e+05,-7.57010606613396e+04,5.94140645300192e+04,-3.40434975806736e+04,5.00446390669084e+04
-7.57010606613396e+04,3.62599200422511e+05,1.87186865997197e+03,-1.45286714499960e+04,-5.35891485169095e+04
5.94140645300192e+04,1.87186865997197e+03,8.33431081537311e+05,6.60247887267768e+05,2.66648009435786e+05
-3.40434975806736e+04,-1.45286714499960e+04,6.60247887267768e+05,1.97198557728677e+06,-2.10461448687406e+05
5.00446390669084e+04,-5.35891485169095e+04,2.66648009435786e+05,-2.10461448687406e+05,1.07145224889836e+06
infeasible
VIOLATED CONSTRAINTS: 3
wt:
-1.00000000000000e+00
0.00000000000000e+00
0.00000000000000e+00
0.00000000000000e+00
0.00000000000000e+00
STEP #: 19
Ellipse:
center:
-1.00000000000000e+00
0.00000000000000e+00
0.00000000000000e+00
0.00000000000000e+00
0.00000000000000e+00
4.54000413658937e+01
-1.49655244640284e+02
2.52226687105045e+01
-4.35968477975902e+01
7.07996648504916e+01

shape:
9.16672884158948e+04,-4.30700988207338e+04,4.17845991570830e+04,-2.06354499108729e+04,3.50352149659360e+04
-4.30700988207338e+04,3.64057871070934e+05,9.60021583635825e+03,-2.04789433394423e+04,-5.15983942393890e+04
4.17845991570830e+04,9.60021583635825e+03,8.68958826355973e+05,6.93571253967560e+05,2.77488925957968e+05
-2.06354499108729e+04,-2.04789433394423e+04,6.93571253967560e+05,2.06287860153204e+06,-2.19378645144982e+05
3.50352149659360e+04,-5.15983942393890e+04,2.77488925957968e+05,-2.19378645144982e+05,1.12182809034457e+06
infeasible
VIOLATED CONSTRAINTS: 3
wt:
2.00000000000000e+00
4.00000000000000e+00
4.00000000000000e+00
-2.00000000000000e+00
5.00000000000000e+00
STEP #: 20
Ellipse:
center:
2.00000000000000e+00
4.00000000000000e+00
4.00000000000000e+00
-2.00000000000000e+00
5.00000000000000e+00
4.12898896365220e+01
-1.69834791014520e+02
-4.75832081728530e+01
1.08868924854780e+01
-8.10754431134070e+01

shape:
9.44578265820918e+04,-4.83703440992691e+04,3.23352133085070e+04,-1.15135154823171e+04,1.25292557648918e+04
-4.83703440992691e+04,3.75150897955982e+05,-1.83657715451581e+04,5.60562149450366e+03,-1.18260315549575e+05
3.23352133085070e+04,-1.83657715451581e+04,8.34276170236415e+05,7.86932332184801e+05,1.43375881262638e+05
-1.15135154823171e+04,5.60562149450366e+03,7.86932332184801e+05,2.11409023077420e+06,-1.18646356845151e+05
1.25292557648918e+04,-1.18260315549575e+05,1.43375881262638e+05,-1.18646356845151e+05,9.03843539881517e+05
infeasible
VIOLATED CONSTRAINTS: 4
wt:
3.00000000000000e+00
1.00000000000000e+00
2.00000000000000e+00
-1.00000000000000e+00
-2.00000000000000e+00
STEP #: 21
Ellipse:
center:
3.00000000000000e+00
1.00000000000000e+00
2.00000000000000e+00
-1.00000000000000e+00
-2.00000000000000e+00
2.17199679648458e+01
-1.98132365529756e+02
-9.14260956104076e+01
3.64144141981863e+01
2.47750783403691e+01

shape:
9.66495917376493e+04,-6.03318110975236e+04,2.76264771119926e+04,-6.56144890097669e+03,5.54611078056679e+04
-6.03318110975236e+04,3.82886991743570e+05,-3.29316676992309e+04,1.44247069698963e+04,-8.41874382245141e+04
2.76264771119926e+04,-3.29316676992309e+04,8.61542643234462e+05,8.32816998909352e+05,2.08553262641871e+05
-6.56144890097669e+03,1.44247069698963e+04,8.32816998909352e+05,2.20694428464823e+06,-1.59964757845752e+05
5.54611078056679e+04,-8.41874382245141e+04,2.08553262641871e+05,-1.59964757845752e+05,7.88448244494328e+05
infeasible
VIOLATED CONSTRAINTS: 2
wt:
0.00000000000000e+00
-1.00000000000000e+00
0.00000000000000e+00
0.00000000000000e+00
0.00000000000000e+00
STEP #: 22
Ellipse:
center:
0.00000000000000e+00
-1.00000000000000e+00
0.00000000000000e+00
0.00000000000000e+00
0.00000000000000e+00
2.57940293337579e+00
-9.49236393926497e+01
-1.01893580184617e+02
3.75256476675622e+01
-2.76607586256159e+00

shape:
9.88456706209218e+04,-4.36193432287507e+04,2.64175255634257e+04,-6.53042639755479e+03,5.32079040169423e+04
-4.36193432287507e+04,2.65584282093422e+05,-1.09313008353391e+04,1.23369157243966e+04,-4.26654970475222e+04
2.64175255634257e+04,-1.09313008353391e+04,8.99484414613291e+05,8.72230272650239e+05,2.13569852506162e+05
-6.53042639755479e+03,1.23369157243966e+04,8.72230272650239e+05,2.31036022853986e+06,-1.66748306020045e+05
5.32079040169423e+04,-4.26654970475222e+04,2.13569852506162e+05,-1.66748306020045e+05,8.16157086660480e+05
infeasible
VIOLATED CONSTRAINTS: 4
wt:
4.00000000000000e+00
2.00000000000000e+00
-2.00000000000000e+00
1.00000000000000e+00
1.00000000000000e+00
STEP #: 23
Ellipse:
center:
4.00000000000000e+00
2.00000000000000e+00
-2.00000000000000e+00
1.00000000000000e+00
1.00000000000000e+00
-2.21251845447985e+01
-1.22701927361275e+02
-4.52482381381771e+01
5.68498706856168e+00
-2.57368209227049e+01

shape:
9.69044748308312e+04,-5.49781320299965e+04,5.16354410448495e+04,-2.36270772206627e+04,4.72124113171542e+04
-5.49781320299965e+04,2.69056922074972e+05,8.39812627734064e+03,-3.05236970628794e+01,-5.22881944898604e+04
5.16354410448495e+04,8.39812627734064e+03,9.01540097244011e+05,9.38033760484584e+05,2.39786716434842e+05
-2.36270772206627e+04,-3.05236970628794e+01,9.38033760484584e+05,2.40366653365724e+06,-1.84922072076526e+05
4.72124113171542e+04,-5.22881944898604e+04,2.39786716434842e+05,-1.84922072076526e+05,8.48058392631882e+05
infeasible
VIOLATED CONSTRAINTS: 4
wt:
-1.00000000000000e+00
0.00000000000000e+00
0.00000000000000e+00
0.00000000000000e+00
0.00000000000000e+00
STEP #: 24
Ellipse:
center:
-1.00000000000000e+00
0.00000000000000e+00
0.00000000000000e+00
0.00000000000000e+00
0.00000000000000e+00
2.96168167832818e+01
-1.55225515937852e+02
-2.74124856457167e+01
-5.59171577718575e+00
-1.32512762748655e+01

shape:
6.43925262743625e+04,-3.07542283395498e+04,3.60235077456417e+04,-1.03857850895368e+04,3.07111531318952e+04
-3.07542283395498e+04,2.69828309986823e+05,1.56097993628164e+04,-5.03617720154096e+03,-4.95522980409440e+04
3.60235077456417e+04,1.56097993628164e+04,9.40167377479495e+05,9.84557839887353e+05,2.48810999719651e+05
-1.03857850895368e+04,-5.03617720154096e+03,9.84557839887353e+05,2.51462678119583e+06,-1.92293117631545e+05
3.07111531318952e+04,-4.95522980409440e+04,2.48810999719651e+05,-1.92293117631545e+05,8.87605917721728e+05
infeasible
VIOLATED CONSTRAINTS: 4
wt:
0.00000000000000e+00
-1.00000000000000e+00
0.00000000000000e+00
0.00000000000000e+00
0.00000000000000e+00
STEP #: 25
Ellipse:
center:
0.00000000000000e+00
-1.00000000000000e+00
0.00000000000000e+00
0.00000000000000e+00
0.00000000000000e+00
1.60520016501226e+01
-6.86422282669857e+01
-2.79793521029764e+01
-9.78857144583543e+00
-3.94180398375859e+01

shape:
6.65965482192325e+04,-2.23797589832816e+04,3.69889655739666e+04,-1.11757684925019e+04,2.91622237941237e+04
-2.23797589832816e+04,1.88479779320844e+05,2.72710842665045e+04,-7.12621775677959e+02,-1.09951814772968e+04
3.69889655739666e+04,2.72710842665045e+04,9.83803755943150e+05,1.03052922210166e+06,2.58267076964420e+05
-1.11757684925019e+04,-7.12621775677959e+02,1.03052922210166e+06,2.63243754520740e+06,-2.02237388181719e+05
2.91622237941237e+04,-1.09951814772968e+04,2.58267076964420e+05,-2.02237388181719e+05,9.19234419981760e+05
infeasible
VIOLATED CONSTRAINTS: 5
wt:
3.00000000000000e+00
1.00000000000000e+00
2.00000000000000e+00
-1.00000000000000e+00
-2.00000000000000e+00
STEP #: 26
Ellipse:
center:
3.00000000000000e+00
1.00000000000000e+00
2.00000000000000e+00
-1.00000000000000e+00
-2.00000000000000e+00
-7.41821714361468e-01
-8.59201440137307e+01
-6.35912963246737e+01
1.00276312134610e+01
5.83516648176267e+01

shape:
6.91899279424142e+04,-2.60849070179950e+04,3.84291286001904e+04,-1.05228944398088e+04,6.54070170134445e+04
-2.60849070179950e+04,1.95088823946034e+05,2.53764590712903e+04,1.40313951540799e+03,8.87378595956884e+03
3.84291286001904e+04,2.53764590712903e+04,1.03002161015077e+06,1.08007049704874e+06,3.13397310499922e+05
-1.05228944398088e+04,1.40313951540799e+03,1.08007049704874e+06,2.75450448094074e+06,-2.36941299390884e+05
6.54070170134445e+04,8.87378595956884e+03,3.13397310499922e+05,-2.36941299390884e+05,8.18092495615010e+05
infeasible
VIOLATED CONSTRAINTS: 4
wt:
4.00000000000000e+00
2.00000000000000e+00
-2.00000000000000e+00
1.00000000000000e+00
1.00000000000000e+00
STEP #: 27
Ellipse:
center:
4.00000000000000e+00
2.00000000000000e+00
-2.00000000000000e+00
1.00000000000000e+00
1.00000000000000e+00
-1.99802942519749e+01
-1.08817949035345e+02
-1.09122954156144e+01
-2.03426028297173e+01
4.61426741248711e+01

shape:
6.95443816138261e+04,-3.24094825719082e+04,6.01219688778400e+04,-2.68321797717378e+04,6.94668182926376e+04
-3.24094825719082e+04,1.99076182734880e+05,4.20958365536369e+04,-9.93750428783297e+03,8.46365035327636e+03
6.01219688778400e+04,4.20958365536369e+04,1.04109163593214e+06,1.15550705981555e+06,3.34383504284459e+05
-2.68321797717378e+04,-9.93750428783297e+03,1.15550705981555e+06,2.86796064449634e+06,-2.53684820766815e+05
6.94668182926376e+04,8.46365035327636e+03,3.34383504284459e+05,-2.53684820766815e+05,8.57833864375254e+05
infeasible
VIOLATED CONSTRAINTS: 4
wt:
-1.00000000000000e+00
0.00000000000000e+00
0.00000000000000e+00
0.00000000000000e+00
0.00000000000000e+00
STEP #: 28
Ellipse:
center:
-1.00000000000000e+00
0.00000000000000e+00
0.00000000000000e+00
0.00000000000000e+00
0.00000000000000e+00
2.29294273043638e+01
-1.35806786438648e+02
9.39116049312786e+00
-3.36568408600919e+01
6.71035315269382e+01

shape:
4.51108659312913e+04,-1.67081740216470e+04,4.16403833725156e+04,-9.57746554862417e+03,4.38549157384131e+04
-1.67081740216470e+04,2.01027174080355e+05,5.12717091906666e+04,-1.62666467333372e+04,1.71348796925998e+04
4.16403833725156e+04,5.12717091906666e+04,1.08449423936941e+06,1.21365657272377e+06,3.45435399130192e+05
-9.57746554862417e+03,-1.62666467333372e+04,1.21365657272377e+06,2.99963127302675e+06,-2.62712233495848e+05
4.38549157384131e+04,1.71348796925998e+04,3.45435399130192e+05,-2.62712233495848e+05,8.96108900358273e+05
infeasible
VIOLATED CONSTRAINTS: 2
wt:
0.00000000000000e+00
-1.00000000000000e+00
0.00000000000000e+00
0.00000000000000e+00
0.00000000000000e+00
STEP #: 29
Ellipse:
center:
0.00000000000000e+00
-1.00000000000000e+00
0.00000000000000e+00
0.00000000000000e+00
0.00000000000000e+00
1.19741478646102e+01
-6.20294989154945e+01
1.42335538381316e+01
-4.09690455072205e+01
5.25616862721601e+01

shape:
4.68173849439519e+04,-1.15052176802767e+04,4.33986525839799e+04,-1.05398640354343e+04,4.45099826514913e+04
-1.15052176802767e+04,1.42412478226362e+05,5.79137788329752e+04,-7.31816856224500e+03,4.01395295597178e+04
4.33986525839799e+04,5.79137788329752e+04,1.13534372399089e+06,1.27046552923215e+06,3.61082553689078e+05
-1.05398640354343e+04,-7.31816856224500e+03,1.27046552923215e+06,3.13985515445153e+06,-2.76605472799613e+05
4.45099826514913e+04,4.01395295597178e+04,3.61082553689078e+05,-2.76605472799613e+05,9.33454162106808e+05
infeasible
VIOLATED CONSTRAINTS: 4
wt:
1.00000000000000e+00
3.00000000000000e+00
5.00000000000000e+00
-2.00000000000000e+00
2.00000000000000e+00
STEP #: 30
Ellipse:
center:
1.00000000000000e+00
3.00000000000000e+00
5.00000000000000e+00
-2.00000000000000e+00
2.00000000000000e+00
6.37326497869071e+00
-7.47765187487324e+01
-9.67957574730665e+01
-2.54253039529513e+01
-7.69989198242806e+01

shape:
4.73651533084189e+04,-1.60684561150011e+04,2.70734764765999e+04,-9.64579405884782e+03,2.83280422127511e+04
-1.60684561150011e+04,1.40683554665930e+05,1.25705388478666e+04,-7.44325956569246e+03,-9.46667448248858e+03
2.70734764765999e+04,1.25705388478666e+04,9.91131017772835e+05,1.35264007435242e+06,1.89804138907181e+05
-9.64579405884782e+03,-7.44325956569246e+03,1.35264007435242e+06,3.29295402233636e+06,-2.58902301440358e+05
2.83280422127511e+04,-9.46667448248858e+03,1.89804138907181e+05,-2.58902301440358e+05,8.07599406427695e+05
infeasible
VIOLATED CONSTRAINTS: 4
wt:
0.00000000000000e+00
-1.00000000000000e+00
0.00000000000000e+00
0.00000000000000e+00
0.00000000000000e+00
STEP #: 31
Ellipse:
center:
0.00000000000000e+00
-1.00000000000000e+00
0.00000000000000e+00
0.00000000000000e+00
0.00000000000000e+00
-3.45642448594698e+00
-1.21647003154917e+01
-1.00514761883291e+02
-3.06163413463102e+01
-9.87230271140185e+01

shape:
4.91615910627343e+04,-1.13848910383962e+04,2.76272028375898e+04,-1.06158060288490e+04,2.77402850123691e+04
-1.13848910383962e+04,9.95050912646153e+04,2.57580847279152e+04,1.74689155976666e+03,1.90146756641173e+04
2.76272028375898e+04,2.57580847279152e+04,1.03692485830124e+06,1.41563361731193e+06,1.96152385229053e+05
-1.06158060288490e+04,1.74689155976666e+03,1.41563361731193e+06,3.44708440055203e+06,-2.72801395475981e+05
2.77402850123691e+04,1.90146756641173e+04,1.96152385229053e+05,-2.72801395475981e+05,8.37675909468309e+05
infeasible
VIOLATED CONSTRAINTS: 7
wt:
4.00000000000000e+00
2.00000000000000e+00
-2.00000000000000e+00
1.00000000000000e+00
1.00000000000000e+00
STEP #: 32
Ellipse:
center:
4.00000000000000e+00
2.00000000000000e+00
-2.00000000000000e+00
1.00000000000000e+00
1.00000000000000e+00
-1.88356750124492e+01
-2.46915472086738e+01
-5.62803239317782e+01
-6.22215815369935e+01
-1.23801841287649e+02

shape:
5.02504153852775e+04,-1.34305147943936e+04,3.83112458409500e+04,-2.92866104097865e+04,2.08272733315156e+04
-1.34305147943936e+04,1.02899768900570e+05,3.29092158734559e+04,-8.38884118758981e+03,1.50383693199003e+04
3.83112458409500e+04,3.29092158734559e+04,1.06691069706193e+06,1.50595846854565e+06,2.18524399293767e+05
-2.92866104097865e+04,-8.38884118758981e+03,1.50595846854565e+06,3.58844599151982e+06,-2.99812065882471e+05
2.08272733315156e+04,1.50383693199003e+04,2.18524399293767e+05,-2.99812065882471e+05,8.68329815484980e+05
infeasible
VIOLATED CONSTRAINTS: 6
wt:
3.00000000000000e+00
1.00000000000000e+00
2.00000000000000e+00
-1.00000000000000e+00
-2.00000000000000e+00
STEP #: 33
Ellipse:
center:
3.00000000000000e+00
1.00000000000000e+00
2.00000000000000e+00
-1.00000000000000e+00
-2.00000000000000e+00
-3.58624527575237e+01
-3.71313357925314e+01
-7.75672838023139e+01
-5.23640087532082e+01
-2.55136608150822e+01

shape:
5.10922232188524e+04,-1.48396565775154e+04,4.37648297911944e+04,-3.50293838243397e+04,6.03841062892880e+04
-1.48396565775154e+04,1.07375350742825e+05,3.53607967274328e+04,-1.00604205882179e+04,2.89590594285720e+04
4.37648297911944e+04,3.53607967274328e+04,1.12606779921503e+06,1.56919424194873e+06,2.58203705765516e+05
-3.50293838243397e+04,-1.00604205882179e+04,1.56919424194873e+06,3.76193576502807e+06,-3.24795734304607e+05
6.03841062892880e+04,2.89590594285720e+04,2.58203705765516e+05,-3.24795734304607e+05,7.62643271218925e+05
infeasible
VIOLATED CONSTRAINTS: 5
wt:
-1.00000000000000e+00
0.00000000000000e+00
0.00000000000000e+00
0.00000000000000e+00
0.00000000000000e+00
STEP #: 34
Ellipse:
center:
-1.00000000000000e+00
0.00000000000000e+00
0.00000000000000e+00
0.00000000000000e+00
0.00000000000000e+00
5.85786684106679e-01
-5.40059809970751e+01
-5.98464248204658e+01
-6.98851008358650e+01
-3.74450888069611e+00

shape:
3.29931695651455e+04,-7.83882312306378e+03,3.27434178269021e+04,-6.98064046927136e+03,3.51533360091592e+04
-7.83882312306378e+03,1.09956729766606e+05,4.04403468543657e+04,-1.76103335210021e+04,3.68971530816514e+04
3.27434178269021e+04,4.04403468543657e+04,1.17557557812631e+06,1.64786382871479e+06,2.65857050247785e+05
-6.98064046927136e+03,-1.76103335210021e+04,1.64786382871479e+06,3.93315603263964e+06,-3.36177366400481e+05
3.51533360091592e+04,3.68971530816514e+04,2.65857050247785e+05,-3.36177366400481e+05,7.95751720419223e+05
infeasible
VIOLATED CONSTRAINTS: 4
wt:
0.00000000000000e+00
-1.00000000000000e+00
0.00000000000000e+00
0.00000000000000e+00
0.00000000000000e+00
STEP #: 35
Ellipse:
center:
0.00000000000000e+00
-1.00000000000000e+00
0.00000000000000e+00
0.00000000000000e+00
0.00000000000000e+00
-7.35358082351193e+00
6.09316177261263e-02
-5.92346923482652e+01
-7.85790301481490e+01
-1.54792599313713e+01

shape:
3.43399873393147e+04,-4.93878063012077e+03,3.38845143248946e+04,-7.99234011351149e+03,3.59679988652913e+04
-4.93878063012077e+03,7.94859593384136e+04,5.19448634945564e+04,-1.97654569240135e+03,5.34935486592678e+04
3.38845143248946e+04,5.19448634945564e+04,1.23047778238470e+06,1.72471067938442e+06,2.76901457066072e+05
-7.99234011351149e+03,-1.97654569240135e+03,1.72471067938442e+06,4.11677101840533e+06,-3.54420165285322e+05
3.59679988652913e+04,5.34935486592678e+04,2.76901457066072e+05,-3.54420165285322e+05,8.29671946547248e+05
infeasible
VIOLATED CONSTRAINTS: 4
wt:
-1.00000000000000e+00
0.00000000000000e+00
0.00000000000000e+00
0.00000000000000e+00
0.00000000000000e+00
STEP #: 36
Ellipse:
center:
-1.00000000000000e+00
0.00000000000000e+00
0.00000000000000e+00
0.00000000000000e+00
0.00000000000000e+00
2.34464343031352e+01
-9.66593178595613e+00
-4.38577102842724e+01
-9.45102985903214e+01
2.28739864334979e+00

shape:
2.28897915709535e+04,-2.46113044123373e+03,2.51513010808549e+04,1.97669879554408e+04,1.35926181533236e+04
-2.46113044123373e+03,8.26599067535048e+04,5.62922982678719e+04,-7.17777463840162e+03,6.03577144940815e+04
2.51513010808549e+04,5.62922982678719e+04,1.28551413543065e+06,1.81030311406852e+06,2.86140754230121e+05
1.97669879554408e+04,-7.17777463840162e+03,1.81030311406852e+06,4.30477167597586e+06,-3.67737531330902e+05
1.35926181533236e+04,6.03577144940815e+04,2.86140754230121e+05,-3.67737531330902e+05,8.66600625591941e+05
infeasible
VIOLATED CONSTRAINTS: 6
wt:
4.00000000000000e+00
2.00000000000000e+00
-2.00000000000000e+00
1.00000000000000e+00
1.00000000000000e+00
STEP #: 37
Ellipse:
center:
4.00000000000000e+00
2.00000000000000e+00
-2.00000000000000e+00
1.00000000000000e+00
1.00000000000000e+00
1.52091591052503e+01
-2.20374139771239e+01
2.55128144847673e+00
-1.30578810733081e+02
-6.40441890311820e+00

shape:
2.41729633768224e+04,-2.43687706176505e+03,3.40591034117174e+04,-1.35488609537094e+03,1.83019733711731e+04
-2.43687706176505e+03,8.66277764483025e+04,6.38407133812070e+04,-2.15380661537093e+04,6.57817115650742e+04
3.40591034117174e+04,6.38407133812070e+04,1.32504240795755e+06,1.92991722798507e+06,2.98900979478319e+05
-1.35488609537094e+03,-2.15380661537093e+04,1.92991722798507e+06,4.47517554142522e+06,-3.95154403357259e+05
1.83019733711731e+04,6.57817115650742e+04,2.98900979478319e+05,-3.95154403357259e+05,9.11949796357492e+05
infeasible
VIOLATED CONSTRAINTS: 6
wt:
1.00000000000000e+00
3.00000000000000e+00
5.00000000000000e+00
-2.00000000000000e+00
2.00000000000000e+00
STEP #: 38
Ellipse:
center:
1.00000000000000e+00
3.00000000000000e+00
5.00000000000000e+00
-2.00000000000000e+00
2.00000000000000e+00
1.04292321019604e+01
-3.14298258184372e+01
-1.00738716757090e+02
-1.24473005144498e+02
-1.41640566919854e+02

shape:
2.44392675471361e+04,-5.36477704813896e+03,2.17802027372107e+04,-3.22775689725811e+03,3.81330279785215e+03
-5.36477704813896e+03,8.16304875235135e+04,2.01214471933597e+04,-2.96403159596281e+04,1.66022463658933e+04
2.17802027372107e+04,2.01214471933597e+04,1.20375420872913e+06,2.01952955196356e+06,1.23848288651925e+05
-3.22775689725811e+03,-2.96403159596281e+04,2.01952955196356e+06,4.70161181557442e+06,-4.04620691203717e+05
3.81330279785215e+03,1.66022463658933e+04,1.23848288651925e+05,-4.04620691203717e+05,7.65757558526330e+05
infeasible
VIOLATED CONSTRAINTS: 5
wt:
3.00000000000000e+00
1.00000000000000e+00
2.00000000000000e+00
-1.00000000000000e+00
-2.00000000000000e+00
STEP #: 39
Ellipse:
center:
3.00000000000000e+00
1.00000000000000e+00
2.00000000000000e+00
-1.00000000000000e+00
-2.00000000000000e+00
7.29594542922754e-01
-4.52899401723472e+01
-1.15276456344846e+02
-1.25235136005054e+02
-4.34689384955755e+01

shape:
2.53000699596928e+04,-6.06704271720599e+03,2.51149646769679e+04,-1.46790762200721e+04,3.42200668658910e+04
-6.06704271720599e+03,8.50994742842445e+04,2.17687639196020e+04,-3.60995324726909e+04,3.22331459208421e+04
2.51149646769679e+04,2.17687639196020e+04,1.26601034850986e+06,2.09935260509372e+06,1.58645629417006e+05
-1.46790762200721e+04,-3.60995324726909e+04,2.09935260509372e+06,4.93575146467377e+06,-4.13731984718019e+05
3.42200668658910e+04,3.22331459208421e+04,1.58645629417006e+05,-4.13731984718019e+05,6.55425498839938e+05
infeasible
VIOLATED CONSTRAINTS: 4
wt:
0.00000000000000e+00
-1.00000000000000e+00
0.00000000000000e+00
0.00000000000000e+00
0.00000000000000e+00
STEP #: 40
Ellipse:
center:
0.00000000000000e+00
-1.00000000000000e+00
0.00000000000000e+00
0.00000000000000e+00
0.00000000000000e+00
-6.47653052775774e+00
2.19530011332434e+00
-1.17751640193670e+02
-1.38070237195089e+02
-5.38512609336902e+01

shape:
2.62802336259679e+04,-3.52819784442272e+03,2.54810469405404e+04,-1.68774790151145e+04,3.51116715776104e+04
-3.52819784442272e+03,6.15869051509908e+04,3.92252677658684e+04,-6.84837319036576e+03,4.44978265169757e+04
2.54810469405404e+04,3.92252677658684e+04,1.32468632492449e+06,2.19668016526002e+06,1.63741788813408e+05
-1.68774790151145e+04,-6.84837319036576e+03,2.19668016526002e+06,5.16543182981923e+06,-4.37455872283811e+05
3.51116715776104e+04,4.44978265169757e+04,1.63741788813408e+05,-4.37455872283811e+05,6.83772826082361e+05
infeasible
VIOLATED CONSTRAINTS: 5
wt:
4.00000000000000e+00
2.00000000000000e+00
-2.00000000000000e+00
1.00000000000000e+00
1.00000000000000e+00
STEP #: 41
Ellipse:
center:
4.00000000000000e+00
2.00000000000000e+00
-2.00000000000000e+00
1.00000000000000e+00
1.00000000000000e+00
-1.66276796121803e+01
-7.31774259101576e+00
-8.57686350099147e+01
-1.72714592285038e+02
-6.24078336131847e+01

shape:
2.81355688062082e+04,-3.51723324325229e+03,2.49478113778153e+04,-4.77106567295913e+04,4.00022263429622e+04
-3.51723324325229e+03,6.44801529137434e+04,4.03047392720394e+04,-2.37524970476549e+04,4.82776108655583e+04
2.49478113778153e+04,4.03047392720394e+04,1.38991403915754e+06,2.33319358488370e+06,1.67198286882896e+05
-4.77106567295913e+04,-2.37524970476549e+04,2.33319358488370e+06,5.36935914761980e+06,-4.71724107195299e+05
